256
512
32
32
32
32
0
0
0
0
0
0
0
0
0
0
0
0
0
0
0
0
0
0
0
0
0
0
0
0
0
0
0
0
0
0
0
0
8
6
10
20
20
24
24
6
8
8
13
11
6
13
6
14
21
10
21
21
18
21
21
17
21
21
6
6
12
16
12
18
21
21
21
21
21
19
18
21
21
6
19
20
20
23
21
21
21
23
21
21
19
21
25
29
20
20
21
8
13
8
0
21
6
17
18
18
17
17
11
17
18
6
6
17
8
25
18
17
18
17
13
17
11
17
20
27
18
17
18
8
6
8
11
0
20
0
0
0
0
14
0
0
8
0
21
0
34
0
21
0
0
5
5
9
10
10
18
21
11
0
17
0
29
0
18
20
8
6
16
19
0
0
0
0
11
0
0
0
0
0
0
0
11
0
0
0
6
0
21
0
6
0
0
0
0
0
0
17
21
21
21
21
21
21
34
21
19
19
19
19
6
6
6
6
0
21
21
21
21
21
21
14
0
21
21
21
21
20
0
21
18
18
18
18
18
18
29
18
16
16
16
16
6
6
6
6
0
18
18
18
18
18
18
13
0
18
18
18
18
18
0
18